0
1111
2222
3333
4444
5555
6666
7777
8888
9999
1000
2000
3000
4000
5000
6000
7000
8000
9000
123
1234
2345
3456
3210
4567
4321
5678
5432
6789
6543
7654
8765
9876
1917
1918
1919
1920
1921
1922
1923
1924
1925
1926
1927
1928
1929
1930
1931
1932
1933
1934
1935
1936
1937
1938
1939
1940
1941
1942
1943
1944
1945
1946
1947
1948
1949
1950
1951
1952
1953
1954
1955
1956
1957
1958
1959
1960
1961
1962
1963
1964
1965
1966
1967
1968
1969
1970
1971
1972
1973
1974
1975
1976
1977
1978
1979
1980
1981
1982
1983
1984
1985
1986
1987
1988
1989
1990
1991
1992
1993
1994
1995
1996
1997
1998
1999
2001
2002
2003
2004
2005
2006
2007
2008
2009
2010
2011
2012
2013
2014
2015
2016
2017
7538
4623
431
8774
9119
1009
5059
8012
4045
9942
6599
1083
1110
7404
6705
2075
4807
7059
1582
7775
878
494
637
3127
5879
2426
1178
2392
5610
6588
8833
3479
6442
3941
5099
9914
3549
7251
9059
8565
8232
731
8973
3263
8291
3581
8829
1910
5153
9682
1202
9692
32
2031
2534
4904
237
5542
4160
3602
530
1227
9929
8846
6687
6936
7857
8235
3106
6631
4283
8085
2530
8305
7951
3068
9935
5693
5192
4141
6170
4889
7541
9688
2633
1680
4464
7411
6558
1862
8136
7865
6584
8137
8170
310
1866
977
5065
6590
9403
5563
1131
8036
1685
3815
2570
3770
3173
5037
7620
9360
5344
8090
5047
5243
6392
3748
1510
9639
343
3782
9630
8988
3529
119
6723
9865
6736
2355
1242
2414
4484
3598
2439
5614
6226
3536
6199
2740
9752
958
1357
7722
1784
388
9842
7293
785
2168
4257
489
9482
4893
7310
9617
5467
2409
7127
1101
3806
3326
9795
2557
2328
1351
1554
4939
1053
4830
5008
8572
3311
6167
5235
7475
6615
20
6934
2116
16
9433
8495
2211
1134
29
1451
8643
6570
1082
6713
693
8478
5040
7441
2678
5922
7325
9985
2790
1350
8517
3976
6182
1336
3721
9848
2026
2193
4579
8494
1873
1199
2068
2870
8960
6405
7586
5389
8518
2467
8186
4990
1497
1194
8330
5728
1447
8044
7975
931
9725
7463
6244
8954
6929
7110
1756
4902
9792
4523
4932
8308
6854
9080
1729
4194
8927
4841
3285
4778
6532
5818
9296
2329
9060
6692
1423
5237
1426
2093
7200
4566
1481
2297
6374
8885
9568
3988
5378
9938
7080
4307
1646
2194
791
8856
9191
6119
8070
1221
3727
9029
4180
5510
5285
5763
232
2056
3138
7964
8056
8087
9292
1216
2673
2735
2090
3390
9736
2705
1229
7382
3373
9352
8676
2109
4621
8938
8428
7327
9779
27
1766
9234
5543
3187
241
3327
2609
4679
1106
2384
6201
570
5981
6475
1800
197
9758
7091
6550
1880
9683
5161
2915
7060
2628
9088
1081
5744
1339
1135
5967
9371
1484
6169
9102
899
9729
2314
8976
5645
9170
467
2110
6043
3772
8216
5162
4712
1889
8339
6735
3061
7693
4129
5336
8314
6243
9671
5144
7593
967
2848
7175
9341
807
9687
4178
6209
4314
8328
2230
7600
8713
5069
4488
3653
6874
4405
1181
1062
1205
5418
8528
3828
7806
4876
9944
5319
6833
3355
9838
6162
5241
5892
6815
9120
4497
709
1437
2197
3175
8037
6658
9778
5290
5947
1412
9506
6287
7038
8096
9620
7805
4539
9547
8587
3411
2776
8582
105
3956
5692
7064
2738
4894
3629
6589
80
8265
7057
7708
2916
8079
9763
7903
3043
2975
997
214
2051
1344
2187
4402
5951
2810
8966
2849
3465
2457
591
8192
8429
2442
8859
4279
7788
6700
9084
6166
337
5600
8295
2923
4953
1782
9451
43
9782
6839
7379
3344
8015
318
6379
1320
9784
3588
9268
4092
7376
7884
9012
4573
1295
7762
8731
1389
2770
5656
280
4715
2475
2731
8611
1755
8940
5504
5305
8985
7223
8336
1482
4882
2356
6959
3020
8757
2446
8811
764
5478
1416
2120
4786
2761
923
9123
6223
8575
8296
4856
7267
3784
855
4576
4207
3305
75
8225
1231
1833
6032
8998
8520
3787
1151
1770
7640
3296
9957
6100
1074
407
1274
1434
5685
2886
4236
2960
3857
6180
1170
96
7653
5815
7374
6321
557
4262
6604
6386
6785
801
9641
830
4416
1541
6470
3457
7049
3575
2095
8115
799
8780
9284
9011
9940
1282
8199
3831
2589
244
7933
4500
243
1063
5475
132
4569
5579
3346
9824
6770
7954
6402
13
7124
4088
935
8529
4239
3708
9755
7131
1854
9056
9139
7797
9862
3790
4607
5454
4631
9404
5819
2273
6176
396
1787
306
6518
7916
9165
7369
288
5952
8338
8104
2259
1602
1529
4646
4462
5183
9168
7681
9481
7525
892
8904
8896
8893
4125
9090
813
2052
2961
7457
5712
5228
4783
9571
9427
9017
113
2447
1338
2128
4489
7607
48
7514
4933
8141
6711
3133
3080
8541
213
9145
5523
271
9858
8828
1070
9546
9896
2290
1099
6823
9380
8639
920
15
7150
1468
8332
6255
9330
98
2586
2702
7648
3530
2797
9146
9065
5590
8564
9241
1407
8785
4940
6616
5385
5340
4362
6659
8734
2111
235
6231
537
4803
861
9518
4379
1284
5597
5107
9699
5847
3391
3341
7007
8537
1870
841
1309
5296
6971
4191
2693
7642
2043
3248
2629
2568
8084
5710
1588
8935
2489
6708
6630
9320
3491
8624
18
9545
5311
2597
5574
4593
829
6301
5586
3180
3510
1616
1597
137
8101
1353
1236
1248
6246
9332
9773
5619
9008
4382
1801
5406
9081
4865
3780
7573
7126
4391
4863
3348
9523
5085
7974
5195
8755
4751
3657
4306
9832
7288
8420
1686
5437
7843
3709
5465
5365
7711
3475
9318
3239
580
1410
834
6747
9293
757
9844
2195
8899
9334
4158
2480
8258
7100
5350
7670
9329
639
8658
8430
760
3703
7848
2963
700
3118
8712
4206
6782
3593
4026
5077
5965
3887
9273
4144
7869
1396
1614
5291
350
5310
3060
4392
8055
8379
3205
5617
8867
5155
9548
5996
9629
2893
7871
888
7052
6390
4654
788
6539
8369
9218
406
6926
5851
2759
708
8444
9394
5429
1652
9810
3369
3264
2553
2624
3312
1485
7498
3392
3649
67
9948
1056
2388
7723
5791
5639
3849
5186
4059
5306
3132
7355
8512
8410
1225
1086
8031
4007
724
7522
4417
4021
5699
4919
952
5128
6455
9734
4702
3697
7041
8471
7189
4358
7500
9542
1005
9963
4561
7984
7791
8221
1796
6778
9181
7162
2421
8739
1208
3866
6835
7798
4944
5753
4006
8051
4831
698
2948
8485
1088
4057
4202
1895
4864
8668
6010
8559
9047
984
8496
499
608
5932
7354
3088
3524
6396
9623
6921
2771
7234
2232
816
4531
2163
2862
9061
9391
2404
990
1343
257
8991
6144
7503
218
7785
8155
9981
7784
723
2949
183
2127
650
6868
4137
6746
3135
3681
129
1771
94
8054
9037
435
5482
2540
9217
7368
3198
7315
1677
6885
561
93
7728
2253
26
4442
4270
589
2779
7108
5016
1513
4412
6210
8030
7982
3781
9454
4162
1828
3049
9735
4256
5399
7111
6904
3350
9982
8771
9880
7410
594
3032
4545
5455
1903
8642
2082
9274
4843
2070
1014
2872
8556
6161
953
4467
5529
9421
5070
5810
4731
193
7893
1204
8987
9549
1908
683
5534
2085
3736
9668
3455
1001
1191
862
7671
9325
3968
8890
6512
8368
3934
5936
3486
4762
3803
770
5216
638
5491
2025
7085
9366
7249
8497
3512
5598
7861
5747
4501
3599
6608
8794
9221
5103
2737
2765
2717
6895
2248
3449
3212
5184
1023
9109
6362
7633
8065
2511
1370
3518
7188
5663
4433
3172
3716
9052
9759
6195
3926
2603
2496
7956
8832
6211
372
5997
6572
2822
7119
7866
6300
1168
3223
4233
7602
7747
681
8758
246
2720
596
9453
6031
5485
4469
8182
1138
6406
5028
5863
5688
9526
2549
3302
4707
9442
6927
9819
2981
6345
2416
8267
9652
5976
8367
9319
733
2175
3105
5221
5061
4859
5023
7744
7659
736
8972
8812
7331
7738
5853
7247
5341
2636
4559
1268
463
487
3462
6753
5076
3055
3987
6774
4601
5908
6160
1797
9715
2466
7425
134
642
8477
8592
8161
6516
7198
5845
5734
795
3897
118
7618
3182
208
71
7977
4327
4688
9398
1764
5368
2308
400
2782
8708
3749
3054
178
34
8240
539
2353
7054
2650
261
9479
1699
3184
7117
3846
7003
5781
8922
332
7913
7289
1705
9343
8527
8594
8773
5615
2701
9772
872
4352
2875
2279
1252
8792
358
7133
3809
4782
3743
6966
5500
5264
8063
9800
9979
8375
6039
2932
4592
8784
3526
1809
5105
8025
5071
8795
7128
5034
1219
9187
4676
9703
4810
101
6678
9859
5775
6602
8511
826
5754
4421
8781
9125
5520
7013
5301
6801
6514
8843
2060
8283
9041
300
1653
6955
918
9452
705
5821
2682
2841
5623
8561
9229
582
6733
9836
9359
4630
1622
8791
3185
6841
7794
6793
453
5898
1752
1469
6937
778
6023
1660
3747
7870
3974
4084
5727
6360
3270
6720
7292
9197
8926
6179
1900
472
359
1163
4614
5010
8837
2364
1253
3606
9771
8151
5877
2760
9264
9028
5565
776
8851
1577
6546
6315
2191
2474
9744
5834
2592
9916
7873
5988
1403
5999
3965
2768
4996
9093
4763
1567
5801
2186
8550
9305
1506
7991
4710
1277
8252
4860
9
6106
2561
2769
6919
4900
9019
6474
5292
4024
936
8729
6299
7174
8337
5797
7027
6049
7668
5111
7122
1310
5021
5627
8390
6361
3078
2201
781
9171
7978
4297
6465
2171
1734
5372
1877
748
6941
3794
4002
7330
7745
9127
730
9803
1840
8686
5163
1791
6808
223
426
6907
9905
1542
1119
4490
4131
4485
4361
1832
505
7014
6431
2210
5836
901
5252
5318
1308
5525
7202
6900
9405
6038
4833
6430
6330
7989
462
3777
3577
4104
9358
8793
1702
4629
6257
53
1798
1550
2470
9409
1571
36
3567
1266
856
1421
2295
9202
767
7743
9178
1060
5622
7412
4353
2623
8149
7081
3016
9676
3821
5204
9248
529
2721
7031
1460
6342
8763
308
5742
8799
5886
7392
7294
6536
2065
5009
8467
8820
5471
9821
5721
6679
1018
5073
111
8549
8588
5078
9656
6127
347
3260
7097
6021
422
8179
8560
8290
6404
8569
6133
9788
8754
5052
762
4324
2718
3715
3648
8681
5224
9830
6228
7694
2612
5657
8200
4872
281
370
8446
5020
8898
8188
8164
9422
9280
160
152
8928
9789
4292
7537
6664
8945
461
3879
7591
2225
4001
4536
4049
165
86
7021
2715
3691
9478
1688
9950
3316
6099
4948
9613
6629
5816
6806
3515
8521
6537
5513
6388
5031
3191
4606
6592
7033
8814
25
8942
6070
4528
1303
9707
8342
5566
2208
1581
3238
1562
381
2048
6453
3936
655
9663
7158
6380
194
4912
2989
2154
5284
9588
3109
9153
4781
3485
3114
8931
3592
2080
8852
3452
4541
2181
6047
844
3532
3374
2538
8952
6744
2630
7846
2431
9909
2458
5141
6899
9899
5929
3292
4011
1047
718
4976
5884
6905
5495
4086
1043
5524
3246
6820
1381
7892
673
627
7076
502
5776
9437
5690
3594
9418
7621
8782
8187
7548
9445
9839
3552
4897
6508
5607
1551
3694
5029
5407
9430
5719
2395
3157
6462
965
3434
1834
551
3424
1428
9541
5322
1703
4756
6758
6954
393
7471
2729
8830
9679
4750
5814
3651
5075
696
6107
408
8204
6196
1537
8413
2334
4878
4015
3015
5552
497
7851
7856
8315
1057
3609
513
2714
8132
1331
9211
2221
5891
4479
9980
6832
5799
6248
1064
7690
4801
2057
4047
8660
482
2155
9648
8573
4652
8297
221
9143
7214
8260
555
4945
6325
4459
8963
1323
8150
8066
3450
436
9791
1635
4555
6294
8746
163
4929
5419
7657
6192
3314
4078
3929
1825
9750
7299
6302
2452
4827
8387
7645
6989
2495
5477
1669
5277
5381
1617
7778
640
759
6385
76
8596
8092
4530
7676
7803
9281
5036
2276
3853
363
6461
3409
7556
7079
4075
7651
6794
9074
8776
7683
7934
6969
8211
8753
6245
9662
9443
6796
9299
9100
2136
3481
4548
2667
6706
9680
9722
7240
3767
2536
9624
3664
3519
382
8600
7430
9151
9990
6781
9340
9552
556
9207
4680
7972
2857
8270
6530
9775
1
6915
9016
5926
8808
5757
2795
3917
3030
1027
3877
296
2321
3668
4203
1494
1120
840
6433
8455
8555
5035
2936
1662
6320
9374
7432
7455
7029
3626
3860
9888
156
8736
8842
7891
5911
5423
6312
9372
8951
2945
3332
335
6124
3671
3735
6853
437
3259
9644
1621
9585
1604
7459
9786
2169
2733
4784
6975
4470
6973
4927
7452
1630
1078
6994
3447
644
1228
4594
5026
6847
7726
196
6466
804
7761
1411
2451
9949
6981
8105
6633
95
5916
6762
4386
7823
154
4685
2606
4210
1560
8950
2262
4626
6963
4174
1250
4766
9259
5580
4972
3607
9469
2130
6006
3156
3595
948
5137
2134
8140
6479
2727
9596
5139
1386
8801
7729
6306
2876
6945
6724
4969
8238
451
8110
4514
5856
5444
3041
5207
2697
8298
2510
7486
2332
2897
2094
5883
1585
6323
5503
558
5441
3380
7365
3096
5533
6029
9992
4595
5762
8891
3222
9314
6055
3165
5370
9587
8042
7438
7233
4447
5783
5822
8591
100
1100
649
8205
3294
6233
5348
7070
4518
6368
1488
2218
5664
2677
7608
8038
2383
6128
2913
9997
7886
1673
9646
386
6429
1215
9023
9053
6880
4370
2069
7151
7540
5497
2615
6855
4748
4228
7195
4759
4789
8481
610
1477
3742
934
2021
587
2378
5905
5452
7252
8049
9657
8623
9815
9356
4251
1269
8501
2385
5835
9085
1448
989
3823
5604
768
6336
414
9447
6646
5940
1533
4299
5937
238
7594
5366
5711
8256
1306
7161
446
866
4061
3261
7320
7414
2424
3979
6450
5708
5045
1061
9665
2652
4430
3255
9138
2115
3633
809
1307
2471
7479
7381
2739
1773
4493
3202
2203
4989
3503
825
7584
276
6422
9121
5979
4959
8907
2265
425
3542
3077
6060
5267
4276
5993
3090
3454
5971
6438
8695
7614
3759
3726
9474
3441
268
4020
3144
295
5453
3120
8259
3097
4132
5698
9300
7733
9112
9113
9678
5343
567
4275
8081
8810
5637
7637
1517
3800
6765
9708
5539
7072
3266
7314
1154
8884
3754
480
5838
1629
7258
827
6632
8567
7912
2247
5397
9483
4785
5990
510
871
4542
6759
7686
7306
9522
8045
7370
7210
9324
2483
5653
7973
2217
571
46
2126
3076
1769
7792
3414
9179
3563
8720
3639
9087
9780
1568
410
4734
5665
5169
6680
7156
5006
3056
5756
8027
373
1575
1538
8613
9918
9610
1143
7709
7517
4690
3550
4651
3152
9619
5817
7756
2725
6642
6371
6171
7280
227
5634
4637
8640
4278
444
1837
4107
368
8306
6269
5873
9304
3548
6644
4215
9996
727
1454
4978
1049
1251
8683
6452
263
5980
6151
5157
728
7170
6571
9114
39
4899
7953
6858
7631
1872
8857
341
9333
3388
3867
6264
8744
2794
1683
2435
9233
7114
1037
3890
7782
8059
1224
8760
8039
8983
3641
8034
9991
2131
5127
8288
1030
8868
1528
9761
7930
9260
1302
147
8953
3289
7767
9436
598
9497
9901
6869
8373
1409
5895
8632
1724
405
4189
4787
191
5124
2506
5694
7753
3798
3547
9169
1579
3622
7580
8997
9390
6838
4403
3496
2752
5330
5800
2666
6366
635
7997
7867
8655
3395
4153
4429
4476
357
1032
7850
6173
5109
4720
5116
2517
7877
2401
5687
4063
6694
4280
2282
1280
9276
9915
8349
4373
7839
8818
6928
9891
2086
8536
7688
3842
2788
2632
9837
3461
4840
3695
8617
3290
706
5043
2405
9069
2438
5172
1512
4122
1747
5086
4219
3986
3824
619
2889
1915
4196
9190
3903
5089
181
1707
287
7030
1462
1095
4684
3818
581
2649
8344
8934
5312
5897
4696
9850
3029
8254
3189
9831
7177
4014
2441
1192
4816
4213
6054
3646
3174
2803
4184
9063
6662
7577
10
6355
7478
1735
7279
3252
8670
1213
3868
4331
395
3513
8894
5964
8532
819
7040
2148
4310
4560
8743
889
3725
8817
8423
1518
2927
7422
4884
6977
7186
4443
2773
7625
324
9797
8583
7205
2577
1373
5831
9205
3473
1711
125
2837
1527
6214
697
2885
7477
5174
945
6555
5659
7334
4892
9739
908
4968
4083
1241
8633
8669
1514
506
3912
4456
5317
6407
2419
2267
5931
2622
4282
379
4728
8882
7336
2114
230
3915
9544
1201
6887
2301
9878
9723
8113
1726
3192
2146
4802
3386
4829
4540
4149
9089
2847
3757
4988
9967
1656
6638
316
665
1841
9051
6625
4390
9962
9796
1654
4449
1493
6951
5949
3925
3640
3741
6647
6353
6484
2755
1661
3381
1813
2896
8493
4617
8824
9132
6743
2840
8912
2868
2907
3099
4957
7817
707
7366
2535
7766
4765
5518
5961
3291
7472
8441
3534
4134
4982
3459
3814
716
9297
7385
9258
9653
8698
6496
7166
8029
6585
2982
4812
9857
5147
1045
7045
4954
7270
6911
8068
6114
8220
7298
3038
7616
8897
4159
6108
2863
124
5483
5254
3944
9083
4917
4294
3241
9884
3808
266
734
8616
4055
7837
1210
5829
2691
2575
1881
6159
1076
3209
8222
3830
1904
7182
5581
983
4915
873
8745
1371
319
8863
1594
180
3616
6783
1272
6052
8944
881
6382
2798
3035
6697
109
2343
4409
3659
2764
2238
5236
4062
9647
3711
2434
6412
8800
2091
9520
8929
3
6293
3225
7926
7440
8874
3855
3572
9111
8925
5933
4044
7103
5434
1146
2185
1663
7025
5276
229
3008
6580
1452
1052
9590
3277
1830
802
8437
6552
6207
1713
172
2694
4721
9471
3460
5263
7125
158
1826
9222
7494
1291
9509
1754
7451
3083
5755
773
1827
3856
5165
9757
286
6906
8710
848
7724
4888
2581
1641
5194
6489
6549
2312
7811
1526
8129
3338
5550
6527
4037
973
6901
3011
1814
8119
9513
9856
3320
8278
315
6579
2696
7776
6573
7317
7502
3018
5064
4901
4575
7420
7533
2978
2139
865
6303
188
1531
8378
4181
7632
4272
5123
1664
2533
4406
2487
518
5066
6490
8986
312
964
3213
7700
6271
9922
2901
6313
9363
7906
9326
3556
910
9664
2686
378
6876
3372
1553
6218
8803
8562
5545
3634
4133
225
1697
7015
8504
5325
4423
9045
7515
82
5425
4291
5844
2809
6068
1443
4482
5323
9814
1532
1281
3206
8185
313
3256
2556
774
4491
7844
7617
5287
1445
5700
5502
8074
2278
3728
4140
5860
3354
5143
7357
3431
6628
7458
254
7878
6242
1237
8083
913
9860
3474
2310
4298
9840
880
8273
3755
1195
6420
9309
8355
1212
3918
5913
4532
6488
5428
9166
5737
1394
7297
4597
9426
621
1333
6247
782
7752
6292
3443
5738
7721
2411
7095
8964
9555
5030
4826
153
6857
6083
6879
7939
4938
3331
6424
2722
7120
6840
413
3874
512
8416
1116
1539
1555
7209
3959
2081
4588
8128
1249
8312
1545
9605
5438
2834
3508
2644
671
8889
2491
9690
5642
2655
2515
9853
2113
2269
1868
5282
1035
9532
6063
6749
2539
4670
4066
7287
2157
6800
3656
9387
89
2971
7358
1668
4460
4143
976
5142
8282
8903
2859
3444
1580
3902
5948
7509
4043
2681
1884
1647
3645
6531
8089
4018
839
7950
3219
380
2662
4052
5804
1085
331
6867
9458
8138
47
5691
8262
8506
4041
9801
136
5956
3075
664
8184
682
4686
1792
4354
3643
8353
1167
4730
5357
852
7771
1442
8352
8459
8878
2275
7960
9903
8827
8673
3471
4477
5903
6225
9476
9335
7037
4704
7931
8637
3178
8621
6053
634
5751
1717
4034
1610
9631
5576
4309
1751
2038
6620
7536
3279
9567
5725
1556
685
9104
6080
3226
9463
8460
7250
4757
2214
8994
5854
104
5205
8806
9640
3365
6030
2966
7526
5300
320
2412
7862
8489
4931
7350
2245
6018
3922
9928
8937
938
1022
4930
4666
3804
8271
1820
7074
8348
7063
1501
7389
8984
6976
5549
711
1279
6591
688
4333
2338
360
2977
2593
6860
5521
4434
3553
787
4924
3938
265
6649
6689
8770
3705
9894
9598
8598
4521
64
4963
7992
3158
6779
2223
3343
5921
577
6750
415
8284
3425
8173
7096
4054
5150
4065
7224
7181
8324
3771
5251
9897
6617
5596
4328
9927
5102
9219
234
3280
317
3813
9651
1524
9593
3416
3426
4755
4365
4478
6564
3785
4691
8194
473
1856
6187
8679
691
8299
7504
4139
7579
9312
345
7266
2406
9890
2590
1369
8628
4396
806
6665
3638
2182
9492
90
6308
106
6328
5760
4655
21
9438
7895
902
9595
3962
6013
8075
8821
5110
7466
7243
3967
1627
449
23
2787
8458
3819
8652
3571
2618
4659
7340
3994
4611
6594
4496
1543
3489
9050
9582
5459
6411
5226
9776
8909
9777
11
8873
7701
3435
3688
9895
8219
8703
8251
3565
7291
1449
1521
9464
290
3666
8835
4519
8463
5391
7562
2500
5904
8393
9408
8664
3990
3786
6448
7246
652
6007
9698
1578
2532
9295
6495
9137
9317
1038
9565
8544
5631
912
1605
5096
5092
8574
4868
8641
148
7507
5716
8246
5242
6596
4675
8440
7570
9432
6377
7818
3440
2215
5094
4494
2180
739
5098
850
9559
352
1453
6822
1193
9870
151
7001
1190
6403
3429
279
2482
226
2507
5703
9226
7460
8006
523
9637
2700
2573
2817
7936
9570
3053
4741
6881
5145
5219
5676
3190
7937
8370
4457
5175
9473
6871
2956
6206
1846
8108
6948
6014
7
9064
5402
1275
4308
8124
8866
3012
2785
5595
3523
384
9406
245
7773
4436
9621
9167
4999
7264
4604
4463
8759
9654
2260
6311
7613
4770
6473
4724
5878
6222
9160
5554
6183
4100
7672
3836
6651
5154
5493
8678
5245
6639
8072
1849
754
5440
2112
209
6075
6611
6914
5363
5338
4513
3847
3098
8438
3463
9746
6894
3554
6931
3562
3799
2692
7769
2492
4909
9336
3176
9194
3423
5505
849
5982
4254
1855
9712
9344
8061
5626
3040
1899
8415
8091
3779
6607
6864
9036
7416
3087
1028
6586
6190
3764
3119
522
9410
9684
9290
6979
1415
1676
5648
7990
8311
6434
1463
2097
6660
574
3203
1701
8041
2499
2921
5297
1311
6059
1913
4527
1327
8181
9357
630
5149
1835
1332
4711
2119
7219
9431
2396
9144
8604
190
7105
1288
5764
6619
1466
4375
4726
6669
9626
4844
3498
3872
6848
5556
9893
9760
6137
1418
5011
929
545
5977
5591
7487
2864
6575
2373
8461
9022
9049
2574
3662
409
7601
2292
9364
7028
3559
3258
3789
8340
2867
4895
8266
7129
2905
1586
1523
975
5067
7742
4935
9968
7612
4598
9851
3359
6035
3919
1262
1148
5382
749
3584
3329
6884
8590
3196
1902
7019
3516
8289
2331
6141
84
8307
2747
4166
2815
4943
5321
7005
7087
4326
4997
3719
6513
4427
7512
6383
66
4779
1147
1885
3880
19
9465
7199
7393
7026
2087
8193
3493
6337
6734
4506
2706
6286
2829
2529
549
4709
7305
97
9417
3199
1730
761
7193
7831
102
6125
1126
8749
8371
2595
1869
9468
7384
2096
3995
3467
9254
7167
9267
8756
4480
9813
7324
4806
6676
4304
1067
9737
2257
3966
1651
4487
9768
3046
944
7523
7938
9805
5118
2824
5281
486
7427
9636
1122
2946
6862
8171
6026
2226
7781
4080
6837
8578
5346
7135
7276
3023
1748
6675
930
2842
9423
4821
5771
3126
6739
831
1863
2802
6042
786
7147
182
9581
8214
6333
4624
1757
6797
2716
6314
7624
5199
4699
8176
8189
3283
1645
3448
4964
4529
8447
564
3024
653
206
7213
5005
5266
2357
1569
7173
7655
8644
1777
4244
3832
3597
7168
1704
7636
6266
7945
7235
7908
4703
6324
9799
8003
8268
3121
7373
6168
1696
5048
5778
2145
4410
9103
6131
8875
274
2871
8362
7995
6275
7750
6654
8144
236
4965
1878
4171
6410
9785
3167
5303
2311
8538
5200
4102
4341
8050
3151
3591
3604
4195
9071
9550
2055
3306
7740
6540
8374
5569
2774
632
2748
3287
4571
4674
2944
2432
2461
5173
3245
4562
6435
9342
2307
120
8841
128
7505
8813
1760
5238
2156
6061
3573
3492
7104
2346
6017
1606
4407
5373
3600
3162
9107
7529
2184
3398
9062
7446
6682
6805
8546
5138
9607
1728
7469
5359
9538
9507
5944
1806
687
721
6653
7372
4399
3970
6071
8881
3543
496
9124
3141
9877
1665
8659
7253
8392
5091
1912
9695
2807
2613
2680
4445
7008
1643
6696
1879
4852
4199
1679
4121
3636
2216
8838
3642
7435
5332
4962
3712
3802
8691
5862
3834
7962
1352
9502
6688
6581
7109
2140
283
5731
3111
7465
7323
7118
4025
2970
5408
4740
5832
6415
9519
740
4067
7970
7718
955
9322
4384
8653
1080
3217
4329
2227
3587
684
9577
5074
1592
8249
1026
4647
8165
1743
248
6278
851
6146
7746
5202
3324
1847
1383
8069
8689
3254
766
5140
8948
4793
1500
1599
176
6965
7153
2675
4689
5131
1077
9490
8869
8978
1655
211
481
7309
6810
676
8016
2164
5309
7032
7855
3939
2228
9129
7706
3942
9527
9496
5830
7361
1267
6824
854
3065
5571
2904
4351
1907
5765
3738
3067
546
8397
663
60
9553
8143
9077
2767
6093
1209
5250
7196
4970
2617
7623
8650
1695
1152
4263
5720
6189
1004
2962
9536
5261
7739
4082
7571
7549
7312
5984
1388
6603
8487
8706
1706
5650
857
8992
8064
6890
3230
5328
4960
2024
3134
6364
4035
6677
2270
6290
5906
8990
6814
2947
8551
5616
3796
7112
6219
2124
2799
8060
4425
5396
8018
6883
3557
7820
4941
55
8610
4695
1414
4323
4028
1430
6249
1186
3601
8979
9279
8023
1819
5113
6147
7445
588
3439
1530
7929
5164
9413
4687
3624
79
5805
4126
6892
7160
4150
9635
3017
8917
815
1608
7282
3851
7051
7187
5197
7980
2974
1461
963
1566
5130
8241
5082
7518
2985
4622
950
448
8088
4664
5041
4128
9611
9740
5551
4503
5655
8545
2033
5206
9460
8704
5316
3093
8797
576
4950
1799
2660
5335
5044
6194
4094
2322
962
9327
6175
7353
6078
7826
9039
5222
5793
6186
9131
2046
1876
3142
6309
4411
1867
7450
4198
9794
5405
5058
9386
1818
9512
4093
7669
9269
4920
9338
4023
7238
4850
8748
1544
7255
8475
417
2387
6467
2358
294
5464
2816
1265
3740
8363
7552
5400
8674
6507
741
8629
9943
9256
2943
9244
3389
7940
8531
5168
8790
8584
2271
6842
7967
3991
9504
4483
9115
8147
4243
1636
662
7449
4087
7022
3756
4719
882
6116
7387
8159
5839
9354
5339
6784
3733
8677
5422
5158
6704
1785
1301
7519
7888
3370
6856
1812
5193
4163
7012
8470
8191
6672
4880
3335
1687
8910
7163
4246
362
2836
5677
9847
5750
7941
7256
3084
9868
8388
9174
3753
3558
7311
4349
2558
2420
4798
2498
8421
3702
4318
8247
9511
4725
8787
6742
1342
5499
3841
3858
4643
2813
8778
8076
7241
7171
4870
906
4602
24
4111
599
6088
8722
8870
956
2783
2258
2240
2880
3576
6145
9440
9225
3383
917
7635
8861
1831
4772
6703
7993
702
1457
4942
8900
8322
1874
8619
3730
3822
2045
1693
7527
192
3644
8020
9554
2801
2925
2101
3304
8394
3363
9489
3612
528
9210
869
7099
2852
5587
9477
4681
7840
2035
3413
1129
2891
2756
9014
173
2993
6126
7531
7524
8783
1583
7942
4811
7391
8848
2198
6621
5356
6699
5409
5427
2041
995
9618
3923
3318
3122
5594
6505
6872
5736
5421
3337
3635
3501
9580
5025
4814
8503
353
9401
3094
6481
4764
6458
8595
2508
942
3684
7628
1886
6203
2762
1150
3360
694
7555
9348
6737
6809
5767
3214
8740
9686
1790
7245
8558
2744
6980
974
3617
1010
1595
2994
8603
3351
8376
9741
1050
8210
2503
5769
2149
9515
1778
8631
6559
6091
6477
1708
4905
8554
452
927
3958
3275
8547
7347
5812
5785
7004
7476
2361
7191
4813
411
4916
2152
2599
9833
4305
7998
828
7332
4151
1564
3269
4368
3057
2486
8662
7543
1347
6843
3672
7281
2990
8509
2909
4936
3955
5294
1024
9271
1358
3276
1450
1587
808
7047
3405
351
7880
2991
4247
2674
900
3864
2689
6381
4556
5268
8424
1762
1040
3921
1718
507
468
6370
1737
5249
7055
4317
4956
2638
2336
5198
354
4422
7710
5960
3569
439
9733
4682
33
6205
5649
5185
7400
115
7575
8239
4091
8747
8435
9855
9970
6875
9661
9204
9370
9666
3307
9964
6498
4302
2389
8361
2020
8301
7275
8822
5978
6754
2326
8498
6740
3632
9142
712
3357
1091
5609
8930
1548
6281
8333
471
3840
3330
2077
6408
8094
5479
4148
2212
6002
3676
8442
258
7322
8620
915
2277
374
3375
9424
5280
1508
9632
5953
1803
478
7755
9128
1821
9921
9841
1108
2832
9455
8476
1600
980
5135
215
3665
4117
4995
4426
6788
7835
1424
8737
7006
14
2657
8522
5278
7576
1137
9972
5108
5620
338
6384
6485
9407
5770
5613
979
7364
8608
5364
3484
4955
6373
8606
7423
1536
8693
4683
3854
7656
8403
7137
3788
5403
9058
5855
9186
5766
6352
7261
8381
9242
7377
940
7898
9589
5466
9177
7277
9308
6526
6818
8285
1474
7758
9027
7560
1089
772
5629
3410
9140
6092
2796
6096
8139
6115
6961
3201
5807
5918
5470
4967
9946
7741
7810
3003
4103
8172
3220
3963
5024
3881
2588
1133
5994
4871
8883
8871
6756
1715
9649
6500
8593
464
6816
3835
2083
3920
1174
5696
6715
8961
5761
5823
7394
8923
3980
1871
5795
2685
6827
5056
9200
3623
8162
939
8409
2902
3981
3022
7011
9141
4070
4853
7143
4164
1299
661
1289
4452
4176
3356
1570
6015
8539
3689
5894
1312
8255
7599
5669
9883
5959
8836
4374
8208
6004
4404
5689
5227
2728
6903
4167
7510
3193
7883
3278
3382
4692
7303
3379
6252
7754
7824
7568
1628
586
302
6807
7689
5019
212
9889
6185
4098
3537
3673
4142
524
5788
6826
6997
5496
199
6329
9835
7179
8121
6791
3107
7833
307
5151
1259
1432
6005
8779
5514
5463
7375
7567
544
9176
5112
7779
3313
8738
4586
2064
1794
5986
5715
6254
1016
1492
2213
6130
2229
8292
1071
2418
2117
7691
624
4717
838
8209
689
8974
3401
2973
7367
4229
9323
7802
6310
1029
6034
8257
210
6202
1753
6367
4603
2107
6674
3506
5049
8735
2066
304
6635
387
7795
4613
7827
3531
7454
6755
1857
5666
3378
7572
2635
2039
7816
6817
2445
5329
4335
3347
6524
1775
6440
9892
1810
9732
8911
3257
2998
6454
9745
7961
6551
9913
7239
8178
6522
4068
7666
1107
88
7437
4610
1003
4697
7901
4946
3628
3763
8585
9250
5362
7910
5354
3952
6655
7902
3845
5618
3397
3686
3663
5527
2604
3717
7273
4858
2300
2380
1368
5081
5371
3969
4420
3422
8343
7732
6509
771
7448
1372
5806
3177
5881
1807
2742
4737
566
4019
8309
1230
5748
4337
7598
6819
6566
4172
3298
514
5387
1465
7359
1750
3284
8607
2917
2710
1515
5874
2987
5097
7605
7132
8568
4925
4596
5840
1392
8058
3014
4615
3095
1456
7730
4161
6109
8047
8680
4533
8694
585
500
6769
5288
9220
167
7316
1115
8010
1066
2381
3309
7874
5232
8033
9714
2838
4127
3927
7751
5528
3025
7319
9933
3699
8242
4226
986
7716
4849
8133
6457
3928
5865
1851
7597
2811
2523
907
4147
8625
7272
85
6376
4330
8431
874
7915
1217
8212
9316
3522
4949
4634
4510
2455
7595
3140
69
5159
4650
1283
8183
8958
8127
5968
6087
7609
1270
4898
8384
1496
7859
4313
3253
1341
252
4394
8921
7284
8347
5924
2555
4267
2546
5679
2653
7808
8589
5774
5686
3564
3618
1385
6050
6731
7431
3361
3308
1165
832
3319
3973
8566
6583
4040
5927
660
3438
1092
2304
8581
2562
7341
6790
6882
7714
8071
8057
3002
7994
6627
7418
8434
3082
7185
2337
1402
9032
2220
2174
5654
6239
397
1563
3546
7535
8534
7999
4874
4372
793
7603
6215
9539
9994
73
5713
9209
9044
216
1890
6277
1103
5248
7634
2138
7787
8158
4359
8876
573
5257
1102
5608
6712
485
5088
6725
7737
5866
7499
2313
5768
7639
2551
4401
699
198
6545
416
7211
2477
2808
1596
1380
9756
7847
6988
8230
2037
9720
3234
9193
6939
9470
3048
3442
6732
3707
3033
3724
2285
4885
5295
8995
5668
5446
8464
3945
9875
8788
6610
9048
2711
8177
4114
8318
9038
8135
8372
8452
8
7547
9126
6363
3590
7799
2745
1458
5486
4797
8762
1319
2846
1573
6089
3535
3940
6776
659
5684
9829
7592
140
9420
714
1356
9155
2266
1346
5027
458
2869
1613
9158
8815
1345
8949
4366
2567
8823
6995
2034
9365
8134
9625
4743
3521
5433
7770
74
726
1094
8816
7371
9078
6476
2786
7227
8500
6985
424
403
1226
4461
5046
9015
7326
8862
6350
7107
5210
7838
753
9133
633
2202
1738
4419
4009
6968
2423
2964
1781
4216
1198
2429
275
9265
4515
2941
4010
7428
4119
7396
6346
8473
3154
323
1836
7684
3103
6399
5826
8766
4475
6208
602
3698
1240
5603
2566
7345
6777
4418
6084
1404
1780
9414
3680
8483
3745
7879
5820
488
2547
3009
572
6057
6238
511
538
1180
4987
9388
8080
4118
8959
5867
5558
5876
7488
4504
4553
1121
7260
3833
5410
7395
8224
6859
4838
3933
4550
1865
4138
177
9861
6771
905
8887
8013
9491
7098
5577
2207
5392
9498
5233
8341
5122
5920
41
9958
3211
2659
92
9010
6020
7619
703
4698
1025
1486
750
2999
2089
7333
8597
2319
858
7180
6033
6224
4534
6601
2108
1712
5084
6799
1811
9152
1638
4177
4245
4986
205
4511
812
3884
5299
1055
8699
3906
1505
9770
1175
6471
864
7557
6274
5430
722
6863
2695
737
2192
5782
4316
150
6553
9092
3062
2839
3844
2516
7152
171
4908
5032
3299
8586
9270
1002
814
8014
8406
2205
932
4381
6766
5509
8399
1620
6142
2906
8111
9097
3073
6529
1698
6964
7262
6623
6950
2950
5315
651
4854
6501
6491
7397
5490
1802
5472
2073
4398
2967
6952
4300
2360
5255
7216
157
2804
6140
1235
1719
8098
7736
6821
3996
6375
3677
7638
5506
2272
4914
7176
3242
2965
2369
3469
5896
5218
40
8261
3445
4951
6667
1549
9237
8530
2924
3227
7734
2634
3734
4204
2078
7067
1467
6426
6562
1011
4851
2161
755
7917
623
1278
6917
9694
2309
2398
5572
9754
7914
5560
9321
2908
8692
7212
5955
5841
3315
4108
2514
7735
2170
1348
678
3769
5859
9307
2348
914
7979
2316
6978
4642
9198
1374
7484
2493
2390
7564
7923
7078
9091
7220
8404
3300
7164
5602
7679
5717
8335
1123
3472
474
2528
5038
1906
289
9384
9116
2443
6614
7061
3169
2436
2548
3761
6258
3063
732
2044
3706
253
4179
8880
1375
1891
887
7134
3505
8450
6707
613
2132
459
4241
800
2354
4722
7226
622
1639
121
9573
3685
643
2683
4693
8913
803
6027
1159
9412
7622
204
2895
6134
6272
7757
9601
6459
6709
7925
692
3208
6996
1207
5683
305
7649
2596
1292
309
2018
1158
5260
8304
5415
440
3972
7141
2602
2959
5536
4303
3243
569
5846
6565
2789
6812
679
620
1824
78
6432
4590
3998
375
2122
9367
4200
2036
7468
1547
1670
2910
7222
344
6970
3992
6082
6752
4537
3751
4393
2040
2084
7066
5057
7043
7660
1839
5583
334
325
1763
7822
1723
9717
9257
44
9381
5203
5379
3631
4097
7493
3367
7002
8849
5662
8601
7356
3946
3775
6394
3478
9628
3778
3019
9094
9484
4340
6519
3368
3514
3149
3345
4934
477
1838
9566
6216
1609
4747
5007
8714
7056
2988
5914
9203
1068
2578
7611
6143
8019
7885
7204
2437
1290
666
780
2707
5561
4284
3415
7490
4923
3720
6690
4258
6074
9457
9315
9156
3723
9298
3875
1039
8834
5426
7759
6165
6268
3399
3125
6149
4773
7719
4774
9462
8726
3027
2490
5003
8775
4758
2062
2844
4042
3044
9874
8492
3538
2543
903
3810
5398
9827
6544
7812
5189
4620
3131
2256
4175
3244
2671
224
8804
970
1406
9148
2512
3791
5474
7900
2072
5644
6768
9531
2121
5416
8002
9425
9774
9378
4344
4824
7678
8053
6356
7351
5458
5215
971
7424
9393
6624
8398
7197
131
8052
2141
8009
4235
8618
7932
3117
884
1435
5945
4971
2819
6726
9936
5991
5958
7920
8769
7402
6229
6767
6048
4355
4237
1065
2367
9510
2550
6845
9215
2427
5079
5740
3295
1893
2320
1464
631
7858
8380
5393
3045
149
5179
5544
3482
5431
3037
1892
7825
7554
758
4474
1090
7201
5718
2079
2860
4767
4799
7285
4069
8175
7461
7084
8956
3801
7904
525
8850
5220
8294
9172
389
7257
1297
5265
9939
3829
7587
9816
6449
7501
1909
2281
7169
4248
2456
9986
7208
8008
960
5121
2833
8968
9987
6560
251
5589
5868
2399
361
7121
7921
4146
6276
5887
7244
4804
427
6110
2621
9747
2712
2656
143
7145
9072
9449
8542
5872
2778
2509
3511
1534
3153
1795
5743
1408
4585
5240
9578
7138
1015
9224
2196
7136
7207
2428
2204
5494
8462
9002
4154
9579
3143
7705
2179
1731
6372
8401
9383
2992
1189
4193
7139
2879
8865
9311
3888
2425
7230
6898
6418
8228
340
3533
8635
6673
6472
3953
8334
8100
9328
8752
985
4977
2843
7075
3932
8557
8839
7646
5013
6037
7963
9070
5443
6437
9966
7123
517
8648
5658
4214
654
5934
6056
9395
1558
6493
2918
5646
1008
5559
4815
7698
3561
1271
6698
8385
1691
981
7565
4400
2323
239
3218
5621
9762
9693
8218
4268
2969
4538
725
2781
4383
6942
5225
4169
3627
5053
9953
4286
7582
1843
4754
8955
3838
7661
2125
8809
4048
7796
891
3950
8153
9054
8858
3181
4486
247
811
5286
8293
5411
61
8825
349
1340
2370
231
9873
3827
7520
2805
3578
6728
9706
2619
7148
9864
8967
3385
2104
1490
5442
2601
2793
2294
4669
3820
3894
6028
8207
4937
1786
9955
5274
4564
2709
6172
9247
8426
7335
4471
2663
4998
1105
7675
9003
7957
1427
5735
7890
4641
166
4771
4242
5367
9902
2386
2598
2166
7542
1852
6922
7559
8860
5640
2791
8250
5484
2376
1674
2296
2255
4293
1393
3267
3961
6387
4101
3674
1479
1804
3904
4552
5181
5417
7069
2935
9954
4980
364
4455
6891
6683
5001
1626
402
365
9149
3589
3488
898
5275
8130
6520
6849
3793
9603
1672
1218
1183
7853
9673
1504
2882
2631
9223
56
5015
3935
1725
5480
4058
6150
4776
3797
8356
8796
1446
9516
4397
9355
2645
2669
9557
5217
3997
5733
5628
2537
9806
9543
2749
6730
5132
9122
2422
2150
8525
2137
1238
6636
6634
9385
2023
4879
7513
7768
4718
9251
8457
8941
600
7101
4387
5705
342
4096
5772
4700
8908
2235
2129
1883
7352
8107
2942
4820
6241
5033
5209
859
1293
4320
6763
8377
503
8877
5271
8943
8513
9924
1642
4896
8479
9575
3878
595
2937
3509
6802
7159
3499
2246
5562
8622
6933
1632
493
3092
6764
1483
2123
2239
293
4008
5857
7290
9820
6284
5320
1498
3852
7010
7626
5758
8721
9236
8519
2664
9287
2481
1675
6722
823
9508
6710
6129
8131
7935
5039
2914
52
6804
3495
1761
8970
5730
3317
9576
4377
9790
5890
3207
6428
4211
520
5451
7697
922
4549
2147
4051
3186
8981
8705
6460
2465
5752
5347
5413
7453
1042
6316
9147
9956
5729
677
1650
6098
1817
1041
3500
1247
7388
6990
5915
2100
5456
7094
1132
8160
5885
6924
7946
8552
6395
2892
5843
6757
2291
6251
4197
2417
6949
7048
3128
6661
4993
4072
45
3737
4492
7589
5950
916
8432
626
4591
4342
4071
9192
8702
3274
2986
3949
2261
5852
1625
9006
6960
9339
6916
2928
7071
3630
9882
4605
1222
2968
398
4502
3265
8886
1772
824
3303
2560
423
2940
9766
9528
4832
5270
3159
9349
4168
3188
8231
1607
7268
9486
4212
5537
6334
4522
9066
4124
1788
4981
6022
2494
1470
7793
3527
5794
6478
5798
9540
50
2616
5375
4380
1631
4546
5858
2251
2464
3682
1324
8243
5447
8920
2102
6008
8491
6721
2209
1789
4857
2341
3993
4389
4332
1321
5460
2912
6178
3070
1593
2525
7996
7887
1203
4791
5652
8391
301
8078
9951
1574
7673
7401
8577
4346
8316
6240
8701
2484
9685
9627
4509
7144
7663
6058
4364
6761
7809
5414
8761
6972
5802
9675
3839
8728
9055
5115
228
7497
7911
921
9331
674
4033
8046
575
4190
1315
3774
2641
2865
1245
779
2463
5231
4285
4022
4264
6738
4085
2584
578
8109
6576
7976
5383
1829
1316
1130
6912
7073
4906
9910
6918
3911
2143
3310
8853
298
2263
2233
5101
4677
9517
6974
5253
5732
9738
7421
5093
8661
2236
6227
1166
9101
6502
2327
6051
2658
9920
1113
3746
2845
531
9282
6307
5272
6102
6548
112
1749
9804
4271
1304
133
7882
2753
2071
8466
1294
5670
3574
3525
946
6154
8665
8097
4185
7009
744
2835
9253
5998
187
1590
6436
7919
2063
277
6852
434
1476
6748
5395
9024
8901
4842
1161
9825
3147
7215
8507
8768
1153
6511
59
2531
5585
1901
3621
2890
4582
4694
329
5178
4458
5975
3004
470
7813
2812
3683
7894
4064
8142
798
8326
6073
9561
5828
597
139
4250
3406
797
7407
9475
1273
6156
5180
8982
174
1139
2133
7307
5229
4525
7017
5002
2402
5849
7786
6456
1472
3937
3620
4663
9346
6348
6486
6991
2521
6094
8902
135
1363
8067
2698
4818
3102
5120
6077
5546
6184
5850
2591
6041
645
1745
2268
4225
1007
9001
3161
6354
6480
3164
7720
1897
328
2746
911
201
8605
1429
1842
6212
3136
9362
7985
8364
2750
9067
6483
8657
5515
3477
3826
6344
1657
8741
1305
2564
1254
7318
4414
5917
6298
3739
103
4157
8321
7563
4612
6606
4090
4209
7231
607
2299
9524
4992
8957
391
8112
1188
5957
7896
2176
8146
9514
3869
6174
3387
3768
2042
6877
3825
35
9392
9700
1509
7532
162
6441
299
7274
8515
3669
2820
641
4913
6024
9569
3268
8844
8323
6263
8484
6528
9034
99
1330
1682
4145
3701
6365
6718
2563
3377
6358
6605
4729
3873
7456
957
2724
7574
2333
6062
2074
3446
6305
4739
371
6197
5531
2049
4753
8331
54
4136
9396
9301
8269
9030
1097
7889
3744
6417
8093
4438
550
256
401
9428
5582
5564
4834
9879
9932
4861
1694
5697
2274
5928
2518
7415
853
5125
5530
9599
8772
3139
6986
1136
763
5512
5538
4979
3421
1349
8389
9243
1079
4907
590
2479
7399
7283
8102
5592
8840
4027
5701
2349
4673
541
7868
3171
1031
5567
2651
7630
3931
6318
7278
2088
1480
9400
3476
2022
9303
1127
1502
4808
6067
4557
5004
4839
1197
9459
3224
2825
3334
9998
9231
3150
7473
4667
7534
3010
4625
6065
2814
7664
9907
1438
1200
6825
1671
6612
1690
7481
5636
9255
1721
3608
751
3339
6946
6288
527
3371
1104
2054
3273
9446
6523
9310
8206
2099
3349
8977
9724
2627
2047
6177
909
4635
534
4512
8103
4288
9500
6191
6400
2743
6001
7485
7390
3817
3882
6691
9564
2979
3718
9189
6419
8499
8730
1118
7434
6685
1261
3328
3468
2751
8807
8197
5117
5568
6850
3795
777
4360
3843
5966
9798
4867
6650
81
2565
3611
715
2444
5570
4428
4431
8454
8383
8223
3262
6640
7644
65
6425
6701
978
8906
2874
9444
6267
9099
456
4003
7872
8122
3948
6262
6261
9135
421
3451
2544
1419
746
367
418
5880
4837
6787
6427
7343
2450
6378
2440
9350
9007
9748
3001
5773
9488
5923
9246
3006
1439
7183
8157
7296
3885
4432
5779
4261
4796
1243
933
9710
9826
9026
9294
2188
5177
4848
4347
3637
7053
5394
7482
8805
5593
8099
8453
562
1742
2103
2488
5492
6998
6940
9614
1125
203
6332
2784
7800
5100
9818
1535
3396
2726
9263
1611
3005
2830
5313
4385
3282
4744
9689
1495
9917
7426
8482
8414
8486
565
3975
542
6943
4220
4520
875
9397
6567
8117
3596
5230
8696
5457
2342
4668
2708
1898
6122
3494
9809
9277
1740
1598
8263
2955
7981
7155
5632
164
5445
8277
270
4238
9749
7225
2505
5902
272
2594
5517
5647
7815
919
5682
1471
5837
5404
3323
9161
6036
9934
2831
8417
4350
7968
1075
7184
5498
4648
5424
1157
3069
515
5889
4031
8649
9828
3115
943
5706
3517
7717
6413
3340
895
9533
7464
3661
8724
1223
4110
1258
6446
278
863
3402
9609
3566
5489
184
7875
9441
1017
6234
9945
3007
1887
9429
7958
7218
8248
4570
4966
1709
8062
7854
3544
6469
519
9472
3776
789
4662
8626
6019
6902
5377
7692
5360
7662
1459
4339
5314
8350
6613
2929
3895
5985
9272
9802
4074
4336
1395
5487
3195
5864
9655
259
7248
6803
8215
260
8300
8508
8327
6066
3129
250
4713
2684
4448
3418
5671
1142
2699
9993
9604
3408
7801
8017
2459
4017
4499
4975
70
775
3545
4984
4795
7337
6101
4723
6139
7641
2877
4472
4565
6557
5380
560
7969
3655
428
9743
4881
9020
5511
1260
5519
3052
3366
6069
6574
5201
4173
7590
4788
5526
9291
2151
1649
4792
8114
2983
5661
6341
833
583
9751
9937
4222
2199
7727
6925
4574
1765
333
1779
9871
2541
4446
8449
8630
7409
6535
5160
3100
8276
9989
4036
3859
1633
5326
5946
9157
4376
240
9154
8716
5234
5584
2952
1589
6044
8419
2391
5601
2856
1615
2318
7907
7408
4672
1377
6359
6319
4918
3862
4609
1552
8524
8474
4106
1033
6908
2884
2881
584
4170
3876
2996
4029
7300
7102
4345
9787
991
4891
3204
8125
5388
1559
5507
6079
3883
6684
9435
9199
2640
2732
8975
8152
719
4825
6285
7949
1361
6668
8201
2303
7528
988
4265
4524
3247
7544
6587
4578
7065
6117
6221
4357
130
7561
4517
3710
7480
8936
7242
9195
7398
8533
987
8510
1634
2887
6289
8346
4395
5724
110
7406
6641
805
8411
3901
5279
1141
4714
8647
3112
9616
4760
579
8733
2861
5672
1572
9164
3580
9073
6829
8553
4076
9402
5641
9697
7583
2703
3540
8286
7229
5726
5992
7467
9961
3696
6112
7077
4274
6686
1584
2359
2607
2362
4453
3420
5673
5723
1144
1473
9185
2777
4671
6693
1184
8001
9042
1783
7495
5930
4526
2806
2527
6542
5722
3585
3013
9117
455
6745
1244
9881
9594
2713
7687
8523
9843
9705
1860
2911
2933
5919
3228
8563
3050
704
326
2206
3960
9389
4325
5374
5870
6984
5780
3091
3893
7604
6889
2289
5106
9289
1864
3528
142
5126
159
355
6340
7082
3964
2315
7023
6957
765
752
3490
2580
6681
8687
9361
4312
4338
2372
2053
972
5875
9977
2600
7165
5938
5707
1768
9845
9068
4367
7699
4073
6910
7606
904
4535
3231
399
2903
8317
3130
2899
282
5051
4991
6016
7712
6515
419
5062
8245
695
4378
6993
4777
126
9866
8451
6622
6421
7442
9266
2585
6444
8082
9691
2625
4130
7035
8226
5704
5289
616
8264
533
9351
3983
2067
390
2394
4732
4947
552
9659
2930
9807
3660
6113
7836
4301
6322
5974
9043
3678
9439
5612
9415
6369
8697
7086
9485
9919
1051
8914
9501
2519
314
9726
4600
2922
8831
2665
8535
2614
2730
4450
4182
7774
447
8725
7496
924
5412
3714
9904
4273
4577
9467
6727
7955
2766
9667
3079
4105
6499
1637
532
516
7092
5941
4223
1623
3466
2366
9466
5987
1286
9638
9373
8879
1296
6347
5333
4910
9602
6204
42
877
6232
4099
9035
4508
2454
7704
543
8916
4281
959
9900
8229
1214
9240
7828
615
1658
8021
412
37
3393
2953
2410
4287
675
3670
2827
8319
6181
690
2287
3504
8570
2241
1376
7643
7558
3419
1499
2951
6714
8789
9238
9854
3124
3930
9911
9245
2668
6547
321
8627
2173
3089
2821
4050
9634
820
9727
7943
1364
6086
3179
285
2293
5369
9278
743
9235
896
6003
8217
1365
8180
9669
8727
6568
8022
9159
4761
893
2135
8148
9952
7841
4619
8993
4581
9302
144
7922
3900
376
3891
1196
8279
6886
9213
2407
9286
9600
5353
7987
1848
2317
6331
1093
498
7172
509
8905
5063
3898
3407
9645
7927
5954
5022
2032
202
2858
3028
2642
3216
4077
6163
5119
91
1206
4038
3982
1487
2344
4733
1177
17
6152
2400
4644
647
8980
6671
3675
8798
1618
508
6090
3650
2620
5969
6256
9529
7615
4115
9926
4640
8400
7790
8405
9009
1355
7016
8688
9633
457
9096
9252
5476
7178
3713
8280
9769
3403
1054
926
4543
3870
8764
1185
6865
783
6657
6556
2552
790
6103
2478
5208
6217
6719
8924
7685
5680
4628
2352
9660
8526
6
4745
3985
6637
3400
8456
617
2330
2189
1117
614
1612
369
2250
1155
2554
8711
8919
51
6282
7265
1098
1287
9822
4973
2335
9898
6909
4780
3560
5302
330
7863
9947
4290
9764
2757
6775
6987
5963
2654
6138
6932
1858
2306
9130
6861
3951
4873
185
1441
4828
868
7093
720
476
7295
8118
4413
999
7130
2670
2379
5136
8989
7760
1417
3240
2058
4155
1576
2639
6304
7042
5331
8847
2473
77
7652
6414
9869
8236
4836
269
1700
4435
9978
6517
2283
1367
3168
735
117
8007
9411
4845
2050
7725
9018
4928
141
9150
5970
1378
6893
9973
9212
3427
4563
8826
179
4926
8358
3353
3766
810
9721
5461
2162
63
3086
1233
7433
7304
9817
7443
5888
8156
9988
7545
8329
469
2571
4911
5114
1264
7749
7417
4922
5522
7966
9556
7083
1659
9228
8514
4013
1420
2377
2144
5042
1689
7789
5893
3886
2504
6982
6389
4678
7511
6260
6953
465
3042
8202
5384
4439
9057
1916
4985
4587
8480
2954
2646
5293
2984
9216
937
554
87
4727
5334
9227
4441
9872
1422
821
4424
7553
7313
2878
2676
3539
526
6643
3272
6717
5349
8275
4809
9306
200
450
4657
4473
5962
7436
1246
1681
5638
9162
7832
5298
4113
1257
438
4451
6618
195
4343
894
8516
7308
1716
7897
6351
432
8742
8302
1019
4974
9448
8169
7772
9931
5449
6072
2931
9930
925
9480
7154
1601
6878
1861
7190
5050
7845
7489
6795
7983
1337
6273
5090
8864
7419
366
1896
2855
8996
3163
4875
9592
6811
2734
8203
5087
161
8195
5809
7050
346
3437
2522
9713
7403
62
3905
6609
4187
4658
3145
58
4260
818
9558
1507
5674
9208
9767
5548
992
475
504
4165
648
6888
7682
7763
8999
6409
4498
2800
6193
4738
7271
6157
993
2754
5547
8682
2643
672
2160
107
385
4388
5540
5439
784
1774
5352
1156
1397
68
5018
5213
847
3909
7338
2736
2526
8732
3081
2545
5342
3271
292
3679
7804
3394
5390
1405
7146
6792
12
3783
8548
9201
4315
5304
548
9163
8895
8351
6445
445
5643
6510
1491
6595
2375
4440
7088
5651
1815
175
8396
6851
7018
5214
3197
5943
656
2792
4706
3889
1211
6626
4371
8656
7363
3362
3977
4240
8700
796
2178
394
3693
2264
9456
1440
7971
2254
8580
3288
2374
1455
9379
4554
3520
5702
769
4454
311
8077
4295
1058
233
9313
3137
4769
3166
3916
5983
2234
4060
2608
2883
6463
4544
9975
5989
6123
8472
1391
7217
658
835
3250
9672
9711
7952
6132
1478
1140
2501
6521
3281
6164
6105
6447
5925
441
7550
1384
2190
3497
4736
8971
1398
8709
9173
83
4046
4862
1591
9658
4152
4218
4890
3036
5247
2826
2688
6012
3816
5660
6120
8407
4012
6095
6958
5283
1276
1565
1124
609
7058
8638
8915
5792
9906
4886
5516
6135
5808
1048
8666
2403
8043
5746
5307
8684
5588
2305
1739
9079
4589
8845
2626
7020
5973
3293
8719
1335
3301
860
6188
9505
1540
8599
9808
5935
5269
928
8234
3358
4186
5188
5182
9494
4869
2719
1624
6773
4903
9908
2448
1298
7680
6569
8690
7113
5156
1172
7647
4112
8422
3805
2995
6645
8427
9021
4408
9852
430
837
5244
1171
7588
3417
7115
6751
6716
4665
5191
3026
994
4183
5573
8032
5246
6578
6198
9499
1853
2957
2934
2763
6121
1603
5787
710
1436
1020
7667
348
6533
9376
4708
3249
6600
2980
7034
433
717
8663
5176
4109
8969
3031
5146
8303
5017
6663
5469
5072
2460
2302
2559
3837
7852
6525
5901
3039
8872
3892
9867
4583
9005
5060
2576
3364
6772
3773
7405
9709
8325
8488
220
7142
6702
1845
8443
9180
1021
6938
2433
1059
454
9923
2894
845
2542
9188
6237
6836
8213
9984
8310
2249
5739
2502
7362
9461
3412
625
4746
297
1503
535
2520
3487
9586
3221
605
3071
9046
4805
870
4638
1850
356
2775
6097
3943
8395
9742
1758
4775
6025
1149
4252
5259
7237
8939
2092
5869
4269
9674
490
5624
2926
4253
2029
1313
8965
2298
2200
7944
7830
7228
3760
7301
442
8675
7444
7024
4608
1561
6554
8671
4742
3978
8962
3051
2758
4192
4887
7339
842
2252
1714
4877
3896
4123
2851
8382
8116
8636
7928
7044
3758
1164
273
2513
1882
5508
568
4363
7491
8198
6873
404
8634
4958
6235
1546
7765
6947
8932
961
8174
3731
5258
1644
4835
2818
9134
3924
1285
3286
8490
4846
7959
2350
8750
2363
6076
3155
3404
284
501
8345
420
5014
9196
7566
7539
5450
3850
8579
5080
3236
9622
3913
495
6296
8154
1678
2485
2958
6563
5351
2371
2159
5803
7116
1444
6253
1112
3116
8786
867
4656
5223
9886
8614
817
392
742
4081
4415
3729
7259
2780
7551
7948
5557
6220
8425
6045
8667
2325
7039
9811
9793
7506
339
6291
6593
3861
3113
7140
7348
792
1046
3384
9175
2076
9728
8281
1914
1522
1390
6118
7286
5501
8313
996
9574
5
2468
38
8854
6729
6944
7413
3765
9584
2284
5939
8612
7819
5481
2462
1905
5882
1087
1359
1069
1318
6416
8163
3352
7748
28
2938
6339
2
5535
3989
3615
9239
3541
669
5488
3971
7829
7783
7090
7521
2888
897
5420
9347
9382
1360
9560
219
2280
3160
3458
6259
8035
3430
618
2453
1822
5308
8145
8408
5912
6081
429
628
7834
7842
9487
4289
686
3610
3551
6935
6451
8718
2231
2850
7546
2572
7695
9995
4356
1160
6283
5376
612
2158
6443
8433
6866
2368
2672
6280
9730
5630
2569
2340
4866
7036
6670
3322
4030
536
4551
9098
5825
2098
5606
5681
2393
6046
3605
8359
998
8707
4735
4752
9375
3085
9941
9075
1366
7221
6983
9337
4120
6577
646
3194
7046
8120
9503
8386
8672
1519
5104
3064
9783
5899
4819
2061
460
6357
3603
1382
7346
6464
7713
7194
6270
729
6538
1859
1425
6327
5054
3984
1145
8073
169
9206
4208
8685
4056
9719
2105
5055
636
6920
5129
4231
9033
3625
8933
1176
2106
2165
7263
6503
8777
601
1179
8126
6582
1328
2118
5345
7677
3232
222
4319
6506
6561
483
1326
9834
5239
2997
8918
5166
3034
9849
5909
3619
3433
4568
3229
5848
8086
1727
5833
466
521
4618
3297
8436
2339
3899
8892
1744
2027
3586
6200
5745
7492
5633
7918
8048
5361
1722
1667
155
3047
3059
6956
7780
3792
6780
5473
667
6250
5436
3910
9535
5790
4348
1182
4032
5749
138
7764
9082
3752
6534
8011
9183
7269
186
127
7062
2059
1012
8802
9960
3215
6111
3762
6870
4649
249
657
3692
1169
5541
540
6999
4653
1557
6326
9765
7881
6992
31
3251
336
3722
9040
883
1072
9004
4639
2582
3058
6155
7864
6393
6009
327
5695
264
4053
9976
5212
9184
4855
9650
1354
8505
4234
7610
1084
5842
7360
6813
8576
9974
3325
2828
5605
8360
6468
1034
1399
3336
4645
5995
547
4437
2153
5625
4277
2177
6297
4296
2854
267
8609
5759
145
1666
2972
9525
2611
7986
4822
3871
9399
3583
5786
9345
4516
9249
1746
8106
1692
6830
8237
2172
2472
7924
6656
5256
9823
4505
9434
1741
5972
189
2823
756
3146
4468
5187
1232
4369
1640
7106
9288
4616
4188
3704
6741
2687
9583
6487
2661
7328
6391
2167
6846
5827
7232
606
5196
5401
7321
1710
843
7909
9261
8615
4232
2920
7462
7905
8005
1805
8167
8040
5273
9885
8354
4847
8357
6798
947
9612
5468
9572
2648
968
1255
8439
5211
4994
4205
377
7702
5068
3507
7344
3570
6896
6828
3555
4334
9606
2976
7516
2610
611
4465
9642
8445
5871
5777
4572
7707
4961
2866
9677
8320
1263
7192
9353
8947
3750
4311
4749
6423
3123
4599
9716
7329
5907
846
9108
2413
7380
5811
4921
9615
9702
5134
7814
9608
5171
1128
794
9031
5741
1006
4495
8651
1239
3428
6335
114
7349
4039
2242
5167
5148
9643
5824
492
7383
5386
383
9753
5784
9521
2690
3579
8465
3999
6213
2939
7578
1400
5190
443
4636
6136
7439
9983
4249
3072
6295
5462
951
7731
4135
8418
7629
9377
9701
604
2415
4224
8253
5861
1733
2637
9076
3074
2397
9416
6153
8946
9283
8571
2723
745
9959
2898
6831
7627
1317
1173
7569
9562
7715
9551
1793
7530
2587
3954
6962
6834
4230
7429
7508
2142
5709
9597
9182
5675
2741
1759
8717
2430
9105
5152
553
8196
9681
9731
2873
6497
9563
7474
7236
3614
7149
5262
8190
5578
1911
291
7203
1648
3066
2605
1684
9214
2237
1776
4322
3321
8004
9369
9704
1387
5324
7965
8502
4800
1475
3464
4983
8272
8654
122
6439
9450
1875
7696
255
2900
670
9419
6279
6230
6148
8028
1362
8123
1322
3848
5611
7876
1379
2704
8168
3568
1013
7342
8166
5714
3148
1844
2919
6398
876
7302
8646
6648
5789
3453
57
4794
890
1109
484
9912
2286
2449
941
6064
3658
1413
3237
2028
2469
886
879
2019
116
4156
5170
9971
3470
8715
9530
1619
4584
8366
3101
822
7665
9086
2382
6104
629
6085
8024
6597
2288
680
3947
6967
1036
5553
4661
6158
7860
747
4701
6598
2365
1511
3502
6913
738
4227
5532
9887
6011
7089
8543
6492
8767
7157
3654
4580
1329
1808
9493
3812
6897
2579
6265
2772
4705
2408
8365
4466
8469
170
4633
5327
3667
7988
9812
6844
4005
5599
4259
4004
4790
1732
3907
3376
2853
3914
5012
6317
4547
9495
322
4627
9537
2647
22
1256
9969
4095
8540
3233
6760
8412
9696
1816
603
1162
5942
9025
2679
1888
6695
9230
9781
2351
1314
3170
4079
108
2244
836
2243
7585
7447
3807
668
8274
7807
8026
1767
72
49
8751
207
8402
1525
9232
168
3104
8448
2224
4817
9368
2030
4660
7483
1520
3700
5448
30
4883
3183
5133
7899
9965
592
9013
4
4823
8819
217
7821
701
7596
5095
5355
1300
7947
479
3687
3582
3613
2583
6343
7650
4768
6930
5435
8233
6040
5083
8227
4016
9262
8723
4221
1823
3732
1325
8287
6923
4952
6482
9863
1073
5575
4481
5337
6652
3652
4116
6338
1489
2476
3908
3647
1401
8645
7470
2347
8095
7206
1894
2497
2324
559
7378
593
3811
9846
4089
2183
4266
146
9118
3865
9275
6494
7386
9110
8468
1433
4632
1096
1220
3483
6397
1516
9670
6236
2219
3863
303
954
949
9136
9534
8602
3108
5667
4716
7674
9718
3436
491
1044
4255
9925
3690
3432
6349
1114
3110
8244
4201
966
6786
242
3021
3235
3480
5635
969
6504
5813
3200
9285
5358
7581
6541
563
5900
5796
4217
5910
885
3957
1431
7658
3342
982
1334
9095
4558
1187
9591
2524
1720
6401
262
8855
7068
713
4507
7703
7254
9106
1736
7849
